

 ************************** Static Model - Solar Cycle **************************
                           F10.7 = 100.00 Fbar = 100.00

  Alt MMolMs LogDsty ExTemp LcTemp NMolHe NMolO2 NMolN2 NMolAr NMmolO  NMolH
   90  28.91  -5.466 860.48 188.00 14.572 19.168 19.745 17.823 17.389   .000
  100  28.36  -6.247 860.48 193.18 13.798 18.323 18.971 17.049 17.665   .000
  110  27.27  -7.011 860.48 236.86 13.648 17.420 18.217 16.011 17.364   .000
  120  26.10  -7.650 860.48 335.89 13.483 16.629 17.573 15.158 16.990   .000
  130  25.26  -8.112 860.48 444.11 13.357 16.095 17.096 14.529 16.668   .000
  140  24.53  -8.460 860.48 541.74 13.264 15.690 16.730 14.044 16.422   .000
  150  23.85  -8.732 860.48 616.81 13.195 15.364 16.438 13.651 16.231 11.882
  160  23.20  -8.959 860.48 671.17 13.142 15.085 16.189 13.312 16.073 11.775
  170  22.58  -9.157 860.48 710.57 13.098 14.835 15.967 13.006 15.936 11.696
  180  21.99  -9.335 860.48 739.76 13.061 14.604 15.762 12.722 15.811 11.639
  190  21.42  -9.498 860.48 761.92 13.027 14.385 15.569 12.452 15.695 11.593
  200  20.88  -9.651 860.48 779.12 12.996 14.175 15.384 12.192 15.585 11.558
  210  20.37  -9.796 860.48 792.69 12.967 13.972 15.205 11.940 15.480 11.529
  220  19.90  -9.933 860.48 803.54 12.939 13.774 15.031 11.695 15.378 11.506
  230  19.45 -10.064 860.48 812.33 12.913 13.580 14.861 11.454 15.279 11.485
  240  19.05 -10.189 860.48 819.49 12.887 13.389 14.694 11.217 15.182 11.468
  250  18.67 -10.310 860.48 825.39 12.862 13.202 14.529 10.983 15.086 11.453
  260  18.33 -10.426 860.48 830.27 12.837 13.016 14.366 10.752 14.992 11.441
  270  18.02 -10.539 860.48 834.34 12.813 12.832 14.205 10.523 14.899 11.429
  280  17.74 -10.648 860.48 837.75 12.790 12.650 14.046 10.297 14.807 11.419
  290  17.48 -10.754 860.48 840.63 12.767 12.470 13.887 10.072 14.716 11.409
  300  17.25 -10.858 860.48 843.06 12.744 12.291 13.731  9.848 14.626 11.400
  310  17.04 -10.959 860.48 845.13 12.721 12.113 13.575  9.627 14.537 11.392
  320  16.85 -11.058 860.48 846.90 12.698 11.936 13.420  9.406 14.448 11.384
  330  16.67 -11.155 860.48 848.42 12.676 11.761 13.266  9.187 14.360 11.377
  340  16.51 -11.250 860.48 849.73 12.654 11.586 13.113  8.969 14.272 11.370
  350  16.35 -11.344 860.48 850.86 12.632 11.412 12.960  8.752 14.185 11.363
  360  16.20 -11.436 860.48 851.85 12.610 11.238 12.809  8.536 14.098 11.356
  370  16.06 -11.527 860.48 852.71 12.588 11.066 12.658  8.320 14.011 11.350
  380  15.92 -11.617 860.48 853.46 12.566 10.894 12.507  8.106 13.925 11.344
  390  15.77 -11.706 860.48 854.12 12.545 10.723 12.357  7.893 13.840 11.338
  400  15.62 -11.794 860.48 854.70 12.523 10.553 12.208  7.680 13.754 11.332
  410  15.47 -11.880 860.48 855.22 12.502 10.383 12.060  7.468 13.669 11.326
  420  15.31 -11.966 860.48 855.68 12.481 10.214 11.912  7.257 13.585 11.320
  430  15.14 -12.052 860.48 856.09 12.459 10.046 11.764  7.047 13.500 11.314
  440  14.95 -12.136 860.48 856.45 12.438  9.878 11.617  6.838 13.416 11.309
  450  14.75 -12.220 860.48 856.78 12.417  9.711 11.471  6.629 13.333 11.303
  460  14.53 -12.302 860.48 857.07 12.396  9.544 11.325  6.421 13.249 11.298
  470  14.30 -12.384 860.48 857.33 12.375  9.378 11.179  6.213 13.166 11.292
  480  14.04 -12.466 860.48 857.57 12.355  9.212 11.034  6.006 13.083 11.287
  490  13.76 -12.546 860.48 857.78 12.334  9.047 10.890  5.800 13.000 11.281
  500  13.46 -12.626 860.48 857.98 12.313  8.882 10.746  5.595 12.918 11.276
  510  13.14 -12.705 860.48 858.15 12.293  8.718 10.602  5.390 12.836 11.271
  520  12.80 -12.783 860.48 858.31 12.272  8.555 10.459  5.186 12.754 11.266
  530  12.43 -12.859 860.48 858.46 12.252  8.392 10.316  4.983 12.673 11.260
  540  12.04 -12.935 860.48 858.59 12.232  8.229 10.174  4.780 12.591 11.255
  550  11.64 -13.010 860.48 858.71 12.211  8.067 10.032  4.578 12.510 11.250
  560  11.22 -13.084 860.48 858.83 12.191  7.906  9.891  4.376 12.430 11.245
  570  10.78 -13.156 860.48 858.93 12.171  7.745  9.750  4.175 12.349 11.240
  580  10.34 -13.228 860.48 859.02 12.151  7.584  9.609  3.975 12.269 11.235
  590   9.90 -13.297 860.48 859.11 12.131  7.424  9.469  3.775 12.189 11.230
  600   9.45 -13.365 860.48 859.19 12.111  7.265  9.329  3.576 12.109 11.225
  610   9.01 -13.432 860.48 859.27 12.091  7.106  9.190  3.377 12.029 11.220
  620   8.58 -13.497 860.48 859.33 12.071  6.947  9.051  3.179 11.950 11.214
  630   8.16 -13.560 860.48 859.40 12.051  6.789  8.913  2.982 11.871 11.209
  640   7.76 -13.622 860.48 859.46 12.031  6.631  8.775  2.785 11.792 11.204
  650   7.37 -13.681 860.48 859.51 12.012  6.474  8.637  2.588 11.714 11.200
  660   7.01 -13.738 860.48 859.56 11.992  6.317  8.500  2.393 11.635 11.195
  670   6.66 -13.793 860.48 859.61 11.973  6.161  8.363  2.198 11.557 11.190
  680   6.34 -13.847 860.48 859.65 11.953  6.005  8.226  2.003 11.479 11.185
  690   6.04 -13.898 860.48 859.70 11.934  5.850  8.090  1.809 11.401 11.180
  700   5.77 -13.947 860.48 859.73 11.914  5.695  7.955  1.616 11.324 11.175
  710   5.51 -13.993 860.48 859.77 11.895  5.540  7.819  1.423 11.247 11.170
  720   5.28 -14.038 860.48 859.80 11.876  5.386  7.685  1.230 11.170 11.165
  730   5.07 -14.081 860.48 859.84 11.856  5.232  7.550  1.039 11.093 11.160
  740   4.88 -14.121 860.48 859.87 11.837  5.079  7.416   .847 11.016 11.155
  750   4.70 -14.160 860.48 859.89 11.818  4.927  7.282   .657 10.940 11.151
  760   4.55 -14.197 860.48 859.92 11.799  4.774  7.149   .467 10.864 11.146
  770   4.40 -14.232 860.48 859.95 11.780  4.622  7.016   .277 10.788 11.141
  780   4.27 -14.265 860.48 859.97 11.761  4.471  6.883   .088 10.712 11.136
  790   4.16 -14.297 860.48 859.99 11.742  4.320  6.751   .000 10.636 11.131
  800   4.05 -14.327 860.48 860.01 11.723  4.169  6.619   .000 10.561 11.127
  810   3.96 -14.356 860.48 860.03 11.705  4.019  6.488   .000 10.486 11.122
  820   3.87 -14.384 860.48 860.05 11.686  3.869  6.357   .000 10.411 11.117
  830   3.80 -14.411 860.48 860.07 11.667  3.720  6.226   .000 10.337 11.113
  840   3.72 -14.437 860.48 860.08 11.648  3.571  6.096   .000 10.262 11.108
  850   3.66 -14.461 860.48 860.10 11.630  3.423  5.966   .000 10.188 11.103
  860   3.60 -14.485 860.48 860.11 11.611  3.275  5.836   .000 10.114 11.098
  870   3.55 -14.508 860.48 860.13 11.593  3.127  5.707   .000 10.040 11.094
  880   3.50 -14.531 860.48 860.14 11.574  2.980  5.578   .000  9.966 11.089
  890   3.45 -14.552 860.48 860.15 11.556  2.833  5.449   .000  9.893 11.085
  900   3.41 -14.574 860.48 860.17 11.538  2.686  5.321   .000  9.820 11.080
  910   3.37 -14.594 860.48 860.18 11.520  2.540  5.193   .000  9.747 11.075
  920   3.33 -14.614 860.48 860.19 11.501  2.395  5.066   .000  9.674 11.071
  930   3.29 -14.634 860.48 860.20 11.483  2.250  4.939   .000  9.601 11.066
  940   3.26 -14.653 860.48 860.21 11.465  2.105  4.812   .000  9.529 11.062
  950   3.23 -14.672 860.48 860.22 11.447  1.960  4.686   .000  9.457 11.057
  960   3.20 -14.691 860.48 860.23 11.429  1.816  4.559   .000  9.385 11.053
  970   3.17 -14.709 860.48 860.24 11.411  1.673  4.434   .000  9.313 11.048
  980   3.14 -14.727 860.48 860.24 11.393  1.529  4.308   .000  9.241 11.043
  990   3.11 -14.745 860.48 860.25 11.375  1.387  4.183   .000  9.170 11.039
 1000   3.09 -14.762 860.48 860.26 11.357  1.244  4.059   .000  9.098 11.034
 1010   3.06 -14.780 860.48 860.27 11.340  1.102  3.934   .000  9.027 11.030
 1020   3.03 -14.797 860.48 860.27 11.322   .960  3.810   .000  8.957 11.026
 1030   3.01 -14.814 860.48 860.28 11.304   .819  3.686   .000  8.886 11.021
 1040   2.98 -14.831 860.48 860.29 11.287   .678  3.563   .000  8.815 11.017
 1050   2.96 -14.847 860.48 860.29 11.269   .538  3.440   .000  8.745 11.012
 1060   2.94 -14.864 860.48 860.30 11.251   .398  3.317   .000  8.675 11.008
 1070   2.91 -14.880 860.48 860.30 11.234   .258  3.195   .000  8.605 11.003
 1080   2.89 -14.896 860.48 860.31 11.217   .118  3.073   .000  8.536 10.999
 1090   2.87 -14.912 860.48 860.31 11.199   .000  2.951   .000  8.466 10.995
 1100   2.84 -14.928 860.48 860.32 11.182   .000  2.830   .000  8.397 10.990
 1110   2.82 -14.944 860.48 860.32 11.164   .000  2.709   .000  8.328 10.986
 1120   2.80 -14.959 860.48 860.33 11.147   .000  2.588   .000  8.259 10.982
 1130   2.78 -14.975 860.48 860.33 11.130   .000  2.468   .000  8.190 10.977
 1140   2.75 -14.990 860.48 860.34 11.113   .000  2.348   .000  8.121 10.973
 1150   2.73 -15.006 860.48 860.34 11.096   .000  2.228   .000  8.053 10.969
 1160   2.71 -15.021 860.48 860.35 11.079   .000  2.108   .000  7.985 10.964
 1170   2.69 -15.036 860.48 860.35 11.062   .000  1.989   .000  7.917 10.960
 1180   2.66 -15.051 860.48 860.35 11.045   .000  1.870   .000  7.849 10.956
 1190   2.64 -15.066 860.48 860.36 11.028   .000  1.752   .000  7.781 10.951
 1200   2.62 -15.080 860.48 860.36 11.011   .000  1.634   .000  7.714 10.947
 1210   2.60 -15.095 860.48 860.36 10.994   .000  1.516   .000  7.646 10.943
 1220   2.57 -15.110 860.48 860.37 10.977   .000  1.398   .000  7.579 10.939
 1230   2.55 -15.124 860.48 860.37 10.960   .000  1.281   .000  7.512 10.934
 1240   2.53 -15.138 860.48 860.37 10.944   .000  1.164   .000  7.445 10.930
 1250   2.51 -15.153 860.48 860.37 10.927   .000  1.047   .000  7.379 10.926
 1260   2.49 -15.167 860.48 860.38 10.910   .000   .931   .000  7.312 10.922
 1270   2.47 -15.181 860.48 860.38 10.894   .000   .815   .000  7.246 10.918
 1280   2.44 -15.195 860.48 860.38 10.877   .000   .699   .000  7.180 10.914
 1290   2.42 -15.209 860.48 860.38 10.861   .000   .584   .000  7.114 10.909
 1300   2.40 -15.222 860.48 860.39 10.844   .000   .469   .000  7.048 10.905
 1310   2.38 -15.236 860.48 860.39 10.828   .000   .354   .000  6.983 10.901
 1320   2.36 -15.249 860.48 860.39 10.812   .000   .240   .000  6.917 10.897
 1330   2.34 -15.263 860.48 860.39 10.795   .000   .125   .000  6.852 10.893
 1340   2.32 -15.276 860.48 860.40 10.779   .000   .011   .000  6.787 10.889
 1350   2.30 -15.289 860.48 860.40 10.763   .000   .000   .000  6.722 10.885
 1360   2.28 -15.303 860.48 860.40 10.747   .000   .000   .000  6.657 10.881
 1370   2.26 -15.316 860.48 860.40 10.731   .000   .000   .000  6.593 10.877
 1380   2.24 -15.329 860.48 860.40 10.714   .000   .000   .000  6.528 10.872
 1390   2.22 -15.341 860.48 860.40 10.698   .000   .000   .000  6.464 10.868
 1400   2.20 -15.354 860.48 860.41 10.682   .000   .000   .000  6.400 10.864
 1410   2.18 -15.367 860.48 860.41 10.666   .000   .000   .000  6.336 10.860
 1420   2.16 -15.379 860.48 860.41 10.650   .000   .000   .000  6.273 10.856
 1430   2.14 -15.392 860.48 860.41 10.634   .000   .000   .000  6.209 10.852
 1440   2.12 -15.404 860.48 860.41 10.619   .000   .000   .000  6.146 10.848
 1450   2.10 -15.416 860.48 860.41 10.603   .000   .000   .000  6.082 10.844
 1460   2.08 -15.429 860.48 860.42 10.587   .000   .000   .000  6.019 10.840
 1470   2.06 -15.441 860.48 860.42 10.571   .000   .000   .000  5.956 10.836
 1480   2.04 -15.453 860.48 860.42 10.556   .000   .000   .000  5.894 10.832
 1490   2.03 -15.464 860.48 860.42 10.540   .000   .000   .000  5.831 10.829
 1500   2.01 -15.476 860.48 860.42 10.524   .000   .000   .000  5.769 10.825
 1510   1.99 -15.488 860.48 860.42 10.509   .000   .000   .000  5.706 10.821
 1520   1.97 -15.499 860.48 860.42 10.493   .000   .000   .000  5.644 10.817
 1530   1.95 -15.511 860.48 860.42 10.478   .000   .000   .000  5.582 10.813
 1540   1.94 -15.522 860.48 860.43 10.462   .000   .000   .000  5.520 10.809
 1550   1.92 -15.533 860.48 860.43 10.447   .000   .000   .000  5.459 10.805
 1560   1.90 -15.545 860.48 860.43 10.431   .000   .000   .000  5.397 10.801
 1570   1.89 -15.556 860.48 860.43 10.416   .000   .000   .000  5.336 10.797
 1580   1.87 -15.567 860.48 860.43 10.401   .000   .000   .000  5.275 10.793
 1590   1.85 -15.577 860.48 860.43 10.385   .000   .000   .000  5.214 10.790
 1600   1.84 -15.588 860.48 860.43 10.370   .000   .000   .000  5.153 10.786
 1610   1.82 -15.599 860.48 860.43 10.355   .000   .000   .000  5.092 10.782
 1620   1.81 -15.609 860.48 860.43 10.340   .000   .000   .000  5.032 10.778
 1630   1.79 -15.620 860.48 860.43 10.325   .000   .000   .000  4.971 10.774
 1640   1.78 -15.630 860.48 860.43 10.310   .000   .000   .000  4.911 10.771
 1650   1.76 -15.641 860.48 860.44 10.295   .000   .000   .000  4.851 10.767
 1660   1.75 -15.651 860.48 860.44 10.280   .000   .000   .000  4.791 10.763
 1670   1.73 -15.661 860.48 860.44 10.265   .000   .000   .000  4.731 10.759
 1680   1.72 -15.671 860.48 860.44 10.250   .000   .000   .000  4.671 10.755
 1690   1.71 -15.681 860.48 860.44 10.235   .000   .000   .000  4.612 10.752
 1700   1.69 -15.690 860.48 860.44 10.220   .000   .000   .000  4.553 10.748
 1710   1.68 -15.700 860.48 860.44 10.205   .000   .000   .000  4.493 10.744
 1720   1.67 -15.710 860.48 860.44 10.190   .000   .000   .000  4.434 10.740
 1730   1.65 -15.719 860.48 860.44 10.176   .000   .000   .000  4.375 10.737
 1740   1.64 -15.729 860.48 860.44 10.161   .000   .000   .000  4.317 10.733
 1750   1.63 -15.738 860.48 860.44 10.146   .000   .000   .000  4.258 10.729
 1760   1.62 -15.747 860.48 860.44 10.132   .000   .000   .000  4.199 10.726
 1770   1.60 -15.756 860.48 860.44 10.117   .000   .000   .000  4.141 10.722
 1780   1.59 -15.765 860.48 860.44 10.103   .000   .000   .000  4.083 10.718
 1790   1.58 -15.774 860.48 860.45 10.088   .000   .000   .000  4.025 10.715
 1800   1.57 -15.783 860.48 860.45 10.074   .000   .000   .000  3.967 10.711
 1810   1.56 -15.792 860.48 860.45 10.059   .000   .000   .000  3.909 10.707
 1820   1.55 -15.801 860.48 860.45 10.045   .000   .000   .000  3.851 10.704
 1830   1.54 -15.809 860.48 860.45 10.030   .000   .000   .000  3.794 10.700
 1840   1.52 -15.818 860.48 860.45 10.016   .000   .000   .000  3.737 10.696
 1850   1.51 -15.826 860.48 860.45 10.002   .000   .000   .000  3.679 10.693
 1860   1.50 -15.834 860.48 860.45  9.987   .000   .000   .000  3.622 10.689
 1870   1.49 -15.843 860.48 860.45  9.973   .000   .000   .000  3.565 10.686
 1880   1.48 -15.851 860.48 860.45  9.959   .000   .000   .000  3.509 10.682
 1890   1.47 -15.859 860.48 860.45  9.945   .000   .000   .000  3.452 10.679
 1900   1.47 -15.867 860.48 860.45  9.931   .000   .000   .000  3.395 10.675
 1910   1.46 -15.875 860.48 860.45  9.916   .000   .000   .000  3.339 10.671
 1920   1.45 -15.883 860.48 860.45  9.902   .000   .000   .000  3.283 10.668
 1930   1.44 -15.891 860.48 860.45  9.888   .000   .000   .000  3.227 10.664
 1940   1.43 -15.898 860.48 860.45  9.874   .000   .000   .000  3.171 10.661
 1950   1.42 -15.906 860.48 860.45  9.860   .000   .000   .000  3.115 10.657
 1960   1.41 -15.913 860.48 860.45  9.846   .000   .000   .000  3.059 10.654
 1970   1.40 -15.921 860.48 860.45  9.833   .000   .000   .000  3.004 10.650
 1980   1.40 -15.928 860.48 860.45  9.819   .000   .000   .000  2.948 10.647
 1990   1.39 -15.935 860.48 860.45  9.805   .000   .000   .000  2.893 10.643
 2000   1.38 -15.943 860.48 860.45  9.791   .000   .000   .000  2.838 10.640
