

 ************************** Static Model - Solar Cycle **************************
                           F10.7 = 100.00 Fbar = 100.00

  Alt MMolMs LogDsty ExTemp LcTemp NMolHe NMolO2 NMolN2 NMolAr NMmolO  NMolH
   90  28.91  -5.466 860.48 188.00 14.572 19.168 19.745 17.823 17.389   .000
  100  28.36  -6.247 860.48 193.18 13.798 18.323 18.971 17.049 17.665   .000
  110  27.27  -7.011 860.48 236.86 13.648 17.420 18.217 16.011 17.363   .000
  120  26.10  -7.650 860.48 335.89 13.483 16.629 17.573 15.158 16.990   .000
  130  25.26  -8.112 860.48 444.11 13.357 16.095 17.096 14.528 16.668   .000
  140  24.53  -8.460 860.48 541.74 13.264 15.691 16.731 14.045 16.422   .000
  150  23.85  -8.732 860.48 616.81 13.195 15.365 16.438 13.652 16.231 11.883
  160  23.58  -8.937 860.48 671.17 13.139 15.114 16.228 13.344 16.054 11.779
  170  22.86  -9.140 860.48 710.57 13.096 14.852 15.998 13.024 15.925 11.704
  180  22.07  -9.326 860.48 739.76 13.060 14.605 15.776 12.722 15.811 11.650
  190  21.38  -9.496 860.48 761.92 13.027 14.377 15.570 12.442 15.701 11.609
  200  20.79  -9.652 860.48 779.12 12.996 14.164 15.379 12.181 15.592 11.579
  210  20.30  -9.797 860.48 792.69 12.967 13.963 15.199 11.931 15.485 11.556
  220  19.85  -9.934 860.48 803.54 12.939 13.768 15.026 11.688 15.380 11.539
  230  19.44 -10.065 860.48 812.33 12.912 13.577 14.858 11.450 15.279 11.526
  240  19.04 -10.191 860.48 819.49 12.887 13.387 14.691 11.214 15.180 11.516
  250  18.67 -10.314 860.48 825.39 12.863 13.197 14.524 10.979 15.082 11.507
  260  18.33 -10.431 860.48 830.27 12.848 13.012 14.361 10.748 14.986 11.501
  270  18.02 -10.544 860.48 834.34 12.825 12.829 14.201 10.520 14.893 11.498
  280  17.74 -10.653 860.48 837.75 12.798 12.647 14.042 10.294 14.802 11.496
  290  17.48 -10.758 860.48 840.63 12.771 12.468 13.885 10.070 14.712 11.495
  300  17.25 -10.861 860.48 843.06 12.745 12.289 13.729  9.847 14.623 11.495
  310  17.04 -10.961 860.48 845.13 12.719 12.112 13.573  9.626 14.534 11.496
  320  16.85 -11.059 860.48 846.90 12.695 11.936 13.419  9.406 14.446 11.498
  330  16.67 -11.156 860.48 848.42 12.672 11.760 13.265  9.187 14.359 11.501
  340  16.50 -11.251 860.48 849.73 12.650 11.586 13.112  8.969 14.271 11.504
  350  16.35 -11.344 860.48 850.86 12.628 11.412 12.960  8.752 14.184 11.507
  360  16.20 -11.437 860.48 851.85 12.607 11.239 12.808  8.536 14.097 11.511
  370  16.05 -11.528 860.48 852.71 12.585 11.066 12.657  8.321 14.011 11.516
  380  15.90 -11.618 860.48 853.46 12.564 10.894 12.507  8.106 13.925 11.520
  390  15.75 -11.706 860.48 854.12 12.543 10.723 12.357  7.893 13.839 11.525
  400  15.60 -11.794 860.48 854.70 12.521 10.553 12.208  7.680 13.753 11.530
  410  15.44 -11.881 860.48 855.22 12.500 10.383 12.059  7.468 13.668 11.535
  420  15.26 -11.968 860.48 855.68 12.479 10.214 11.911  7.257 13.583 11.541
  430  15.08 -12.053 860.48 856.09 12.458 10.045 11.764  7.047 13.499 11.546
  440  14.88 -12.137 860.48 856.45 12.437  9.877 11.617  6.837 13.415 11.552
  450  14.66 -12.221 860.48 856.78 12.416  9.710 11.470  6.629 13.331 11.557
  460  14.42 -12.304 860.48 857.07 12.395  9.543 11.324  6.420 13.248 11.563
  470  14.17 -12.385 860.48 857.33 12.374  9.377 11.179  6.213 13.165 11.569
  480  13.88 -12.466 860.48 857.57 12.353  9.212 11.034  6.006 13.082 11.575
  490  13.57 -12.547 860.48 857.78 12.333  9.047 10.889  5.800 13.000 11.581
  500  13.46 -12.627 860.48 857.98 12.312  8.881 10.744  5.594 12.917 11.272
  510  13.14 -12.706 860.48 858.15 12.292  8.717 10.601  5.389 12.835 11.267
  520  12.80 -12.784 860.48 858.31 12.271  8.554 10.457  5.185 12.753 11.262
  530  12.43 -12.861 860.48 858.46 12.251  8.391 10.315  4.981 12.671 11.256
  540  12.04 -12.937 860.48 858.59 12.230  8.228 10.172  4.779 12.590 11.251
  550  11.64 -13.012 860.48 858.71 12.210  8.066 10.031  4.576 12.509 11.246
  560  11.22 -13.085 860.48 858.83 12.190  7.905  9.889  4.375 12.428 11.241
  570  10.78 -13.158 860.48 858.93 12.170  7.744  9.748  4.174 12.348 11.236
  580  10.34 -13.229 860.48 859.02 12.150  7.583  9.608  3.973 12.267 11.231
  590   9.90 -13.299 860.48 859.11 12.130  7.423  9.468  3.774 12.187 11.226
  600   9.46 -13.367 860.48 859.19 12.110  7.263  9.328  3.574 12.108 11.221
  610   9.02 -13.434 860.48 859.27 12.090  7.104  9.189  3.376 12.028 11.216
  620   8.58 -13.498 860.48 859.33 12.070  6.946  9.050  3.178 11.949 11.211
  630   8.16 -13.562 860.48 859.40 12.050  6.788  8.911  2.980 11.870 11.205
  640   7.76 -13.623 860.48 859.46 12.030  6.630  8.773  2.783 11.791 11.201
  650   7.37 -13.682 860.48 859.51 12.011  6.473  8.636  2.587 11.712 11.196
  660   7.01 -13.740 860.48 859.56 11.991  6.316  8.498  2.391 11.634 11.191
  670   6.66 -13.795 860.48 859.61 11.972  6.160  8.362  2.196 11.556 11.186
  680   6.34 -13.848 860.48 859.65 11.952  6.004  8.225  2.002 11.478 11.181
  690   6.04 -13.899 860.48 859.70 11.933  5.848  8.089  1.808 11.400 11.176
  700   5.77 -13.948 860.48 859.73 11.913  5.693  7.953  1.614 11.322 11.171
  710   5.52 -13.995 860.48 859.77 11.894  5.539  7.818  1.421 11.245 11.166
  720   5.28 -14.039 860.48 859.80 11.875  5.385  7.683  1.229 11.168 11.161
  730   5.07 -14.082 860.48 859.84 11.855  5.231  7.549  1.037 11.091 11.156
  740   4.88 -14.122 860.48 859.87 11.836  5.078  7.415   .846 11.015 11.151
  750   4.71 -14.161 860.48 859.89 11.817  4.925  7.281   .655 10.938 11.147
  760   4.55 -14.198 860.48 859.92 11.798  4.773  7.148   .465 10.862 11.142
  770   4.41 -14.233 860.48 859.95 11.779  4.621  7.015   .276 10.786 11.137
  780   4.28 -14.266 860.48 859.97 11.760  4.470  6.882   .087 10.710 11.132
  790   4.16 -14.298 860.48 859.99 11.741  4.319  6.750   .000 10.635 11.127
  800   4.06 -14.329 860.48 860.01 11.722  4.168  6.618   .000 10.560 11.123
  810   3.96 -14.358 860.48 860.03 11.704  4.018  6.487   .000 10.485 11.118
  820   3.88 -14.385 860.48 860.05 11.685  3.868  6.355   .000 10.410 11.113
  830   3.80 -14.412 860.48 860.07 11.666  3.719  6.225   .000 10.335 11.109
  840   3.73 -14.438 860.48 860.08 11.648  3.570  6.094   .000 10.261 11.104
  850   3.66 -14.463 860.48 860.10 11.629  3.421  5.964   .000 10.186 11.099
  860   3.60 -14.486 860.48 860.11 11.610  3.273  5.835   .000 10.112 11.095
  870   3.55 -14.510 860.48 860.13 11.592  3.126  5.705   .000 10.038 11.090
  880   3.50 -14.532 860.48 860.14 11.574  2.978  5.577   .000  9.965 11.085
  890   3.45 -14.554 860.48 860.15 11.555  2.832  5.448   .000  9.891 11.081
  900   3.41 -14.575 860.48 860.17 11.537  2.685  5.320   .000  9.818 11.076
  910   3.37 -14.595 860.48 860.18 11.519  2.539  5.192   .000  9.745 11.071
  920   3.33 -14.616 860.48 860.19 11.500  2.394  5.065   .000  9.672 11.067
  930   3.30 -14.635 860.48 860.20 11.482  2.248  4.937   .000  9.600 11.062
  940   3.26 -14.655 860.48 860.21 11.464  2.103  4.811   .000  9.527 11.058
  950   3.23 -14.673 860.48 860.22 11.446  1.959  4.684   .000  9.455 11.053
  960   3.20 -14.692 860.48 860.23 11.428  1.815  4.558   .000  9.383 11.049
  970   3.17 -14.710 860.48 860.24 11.410  1.671  4.432   .000  9.311 11.044
  980   3.14 -14.728 860.48 860.24 11.392  1.528  4.307   .000  9.240 11.039
  990   3.12 -14.746 860.48 860.25 11.374  1.385  4.182   .000  9.168 11.035
 1000   3.09 -14.764 860.48 860.26 11.356  1.243  4.057   .000  9.097 11.030
 1010   3.06 -14.781 860.48 860.27 11.339  1.101  3.933   .000  9.026 11.026
 1020   3.04 -14.798 860.48 860.27 11.321   .959  3.809   .000  8.955 11.022
 1030   3.01 -14.815 860.48 860.28 11.303   .818  3.685   .000  8.884 11.017
 1040   2.99 -14.832 860.48 860.29 11.286   .677  3.562   .000  8.814 11.013
 1050   2.97 -14.849 860.48 860.29 11.268   .536  3.439   .000  8.744 11.008
 1060   2.94 -14.865 860.48 860.30 11.250   .396  3.316   .000  8.674 11.004
 1070   2.92 -14.881 860.48 860.30 11.233   .256  3.194   .000  8.604 10.999
 1080   2.89 -14.897 860.48 860.31 11.216   .117  3.072   .000  8.534 10.995
 1090   2.87 -14.913 860.48 860.31 11.198   .000  2.950   .000  8.465 10.991
 1100   2.85 -14.929 860.48 860.32 11.181   .000  2.828   .000  8.395 10.986
 1110   2.83 -14.945 860.48 860.32 11.163   .000  2.707   .000  8.326 10.982
 1120   2.80 -14.961 860.48 860.33 11.146   .000  2.587   .000  8.257 10.978
 1130   2.78 -14.976 860.48 860.33 11.129   .000  2.466   .000  8.188 10.973
 1140   2.76 -14.992 860.48 860.34 11.112   .000  2.346   .000  8.120 10.969
 1150   2.73 -15.007 860.48 860.34 11.095   .000  2.226   .000  8.051 10.965
 1160   2.71 -15.022 860.48 860.35 11.078   .000  2.107   .000  7.983 10.960
 1170   2.69 -15.037 860.48 860.35 11.061   .000  1.988   .000  7.915 10.956
 1180   2.67 -15.052 860.48 860.35 11.044   .000  1.869   .000  7.847 10.952
 1190   2.65 -15.067 860.48 860.36 11.027   .000  1.750   .000  7.779 10.947
 1200   2.62 -15.082 860.48 860.36 11.010   .000  1.632   .000  7.712 10.943
 1210   2.60 -15.097 860.48 860.36 10.993   .000  1.514   .000  7.645 10.939
 1220   2.58 -15.111 860.48 860.37 10.976   .000  1.397   .000  7.578 10.935
 1230   2.56 -15.126 860.48 860.37 10.959   .000  1.280   .000  7.511 10.930
 1240   2.54 -15.140 860.48 860.37 10.943   .000  1.163   .000  7.444 10.926
 1250   2.51 -15.154 860.48 860.37 10.926   .000  1.046   .000  7.377 10.922
 1260   2.49 -15.168 860.48 860.38 10.909   .000   .930   .000  7.311 10.918
 1270   2.47 -15.182 860.48 860.38 10.893   .000   .814   .000  7.244 10.914
 1280   2.45 -15.196 860.48 860.38 10.876   .000   .698   .000  7.178 10.910
 1290   2.43 -15.210 860.48 860.38 10.860   .000   .583   .000  7.112 10.905
 1300   2.41 -15.224 860.48 860.39 10.843   .000   .467   .000  7.047 10.901
 1310   2.39 -15.238 860.48 860.39 10.827   .000   .353   .000  6.981 10.897
 1320   2.36 -15.251 860.48 860.39 10.811   .000   .238   .000  6.916 10.893
 1330   2.34 -15.265 860.48 860.39 10.794   .000   .124   .000  6.851 10.889
 1340   2.32 -15.278 860.48 860.40 10.778   .000   .010   .000  6.785 10.885
 1350   2.30 -15.291 860.48 860.40 10.762   .000   .000   .000  6.721 10.881
 1360   2.28 -15.304 860.48 860.40 10.746   .000   .000   .000  6.656 10.877
 1370   2.26 -15.317 860.48 860.40 10.729   .000   .000   .000  6.591 10.873
 1380   2.24 -15.330 860.48 860.40 10.713   .000   .000   .000  6.527 10.868
 1390   2.22 -15.343 860.48 860.40 10.697   .000   .000   .000  6.463 10.864
 1400   2.20 -15.356 860.48 860.41 10.681   .000   .000   .000  6.399 10.860
 1410   2.18 -15.369 860.48 860.41 10.665   .000   .000   .000  6.335 10.856
 1420   2.16 -15.381 860.48 860.41 10.649   .000   .000   .000  6.271 10.852
 1430   2.14 -15.394 860.48 860.41 10.633   .000   .000   .000  6.207 10.848
 1440   2.12 -15.406 860.48 860.41 10.618   .000   .000   .000  6.144 10.844
 1450   2.10 -15.418 860.48 860.41 10.602   .000   .000   .000  6.081 10.840
 1460   2.09 -15.431 860.48 860.42 10.586   .000   .000   .000  6.018 10.836
 1470   2.07 -15.443 860.48 860.42 10.570   .000   .000   .000  5.955 10.832
 1480   2.05 -15.455 860.48 860.42 10.555   .000   .000   .000  5.892 10.828
 1490   2.03 -15.466 860.48 860.42 10.539   .000   .000   .000  5.829 10.825
 1500   2.01 -15.478 860.48 860.42 10.523   .000   .000   .000  5.767 10.821
 1510   1.99 -15.490 860.48 860.42 10.508   .000   .000   .000  5.705 10.817
 1520   1.98 -15.501 860.48 860.42 10.492   .000   .000   .000  5.643 10.813
 1530   1.96 -15.513 860.48 860.42 10.477   .000   .000   .000  5.581 10.809
 1540   1.94 -15.524 860.48 860.43 10.461   .000   .000   .000  5.519 10.805
 1550   1.92 -15.536 860.48 860.43 10.446   .000   .000   .000  5.457 10.801
 1560   1.91 -15.547 860.48 860.43 10.430   .000   .000   .000  5.396 10.797
 1570   1.89 -15.558 860.48 860.43 10.415   .000   .000   .000  5.334 10.793
 1580   1.88 -15.569 860.48 860.43 10.400   .000   .000   .000  5.273 10.789
 1590   1.86 -15.580 860.48 860.43 10.384   .000   .000   .000  5.212 10.786
 1600   1.84 -15.590 860.48 860.43 10.369   .000   .000   .000  5.151 10.782
 1610   1.83 -15.601 860.48 860.43 10.354   .000   .000   .000  5.091 10.778
 1620   1.81 -15.612 860.48 860.43 10.339   .000   .000   .000  5.030 10.774
 1630   1.80 -15.622 860.48 860.43 10.324   .000   .000   .000  4.970 10.770
 1640   1.78 -15.633 860.48 860.43 10.309   .000   .000   .000  4.909 10.767
 1650   1.77 -15.643 860.48 860.44 10.294   .000   .000   .000  4.849 10.763
 1660   1.75 -15.653 860.48 860.44 10.279   .000   .000   .000  4.789 10.759
 1670   1.74 -15.663 860.48 860.44 10.264   .000   .000   .000  4.730 10.755
 1680   1.72 -15.673 860.48 860.44 10.249   .000   .000   .000  4.670 10.751
 1690   1.71 -15.683 860.48 860.44 10.234   .000   .000   .000  4.610 10.748
 1700   1.70 -15.693 860.48 860.44 10.219   .000   .000   .000  4.551 10.744
 1710   1.68 -15.702 860.48 860.44 10.204   .000   .000   .000  4.492 10.740
 1720   1.67 -15.712 860.48 860.44 10.189   .000   .000   .000  4.433 10.736
 1730   1.66 -15.722 860.48 860.44 10.175   .000   .000   .000  4.374 10.733
 1740   1.64 -15.731 860.48 860.44 10.160   .000   .000   .000  4.315 10.729
 1750   1.63 -15.740 860.48 860.44 10.145   .000   .000   .000  4.256 10.725
 1760   1.62 -15.750 860.48 860.44 10.131   .000   .000   .000  4.198 10.722
 1770   1.61 -15.759 860.48 860.44 10.116   .000   .000   .000  4.139 10.718
 1780   1.60 -15.768 860.48 860.44 10.102   .000   .000   .000  4.081 10.714
 1790   1.58 -15.777 860.48 860.45 10.087   .000   .000   .000  4.023 10.711
 1800   1.57 -15.786 860.48 860.45 10.073   .000   .000   .000  3.965 10.707
 1810   1.56 -15.794 860.48 860.45 10.058   .000   .000   .000  3.908 10.703
 1820   1.55 -15.803 860.48 860.45 10.044   .000   .000   .000  3.850 10.700
 1830   1.54 -15.812 860.48 860.45 10.029   .000   .000   .000  3.792 10.696
 1840   1.53 -15.820 860.48 860.45 10.015   .000   .000   .000  3.735 10.693
 1850   1.52 -15.829 860.48 860.45 10.001   .000   .000   .000  3.678 10.689
 1860   1.51 -15.837 860.48 860.45  9.986   .000   .000   .000  3.621 10.685
 1870   1.50 -15.845 860.48 860.45  9.972   .000   .000   .000  3.564 10.682
 1880   1.49 -15.854 860.48 860.45  9.958   .000   .000   .000  3.507 10.678
 1890   1.48 -15.862 860.48 860.45  9.944   .000   .000   .000  3.450 10.675
 1900   1.47 -15.870 860.48 860.45  9.930   .000   .000   .000  3.394 10.671
 1910   1.46 -15.878 860.48 860.45  9.915   .000   .000   .000  3.337 10.667
 1920   1.45 -15.886 860.48 860.45  9.901   .000   .000   .000  3.281 10.664
 1930   1.44 -15.893 860.48 860.45  9.887   .000   .000   .000  3.225 10.660
 1940   1.43 -15.901 860.48 860.45  9.873   .000   .000   .000  3.169 10.657
 1950   1.42 -15.909 860.48 860.45  9.859   .000   .000   .000  3.113 10.653
 1960   1.41 -15.916 860.48 860.45  9.845   .000   .000   .000  3.058 10.650
 1970   1.41 -15.924 860.48 860.45  9.832   .000   .000   .000  3.002 10.646
 1980   1.40 -15.931 860.48 860.45  9.818   .000   .000   .000  2.947 10.643
 1990   1.39 -15.938 860.48 860.45  9.804   .000   .000   .000  2.891 10.639
 2000   1.38 -15.946 860.48 860.45  9.790   .000   .000   .000  2.836 10.636
